3.0
5.139246658874810691e+01
5.781142536054127135e+01
6.227685985616540165e+01
6.531398457251697209e+01
6.762199830042318638e+01
7.003978134995648475e+01
7.351096337928730406e+01
7.899163531889395529e+01
8.727034356078623034e+01
9.876731192498429834e+01
1.134484036209478006e+02
1.309360470198014070e+02
1.507455611991269677e+02
1.724562441071136618e+02
1.956683331823007563e+02
2.197852015929956337e+02
2.438350448544923097e+02
2.665419137936698917e+02
2.866590208356953440e+02
3.033515348783555510e+02
3.163603894390388973e+02
3.258459023332385982e+02
3.320566238266026744e+02
3.350839058216453168e+02
3.348580128315841193e+02
3.313257860073362622e+02
3.246202581155116604e+02
3.150905780005318206e+02
3.032254347870815536e+02
2.896016491256896188e+02
2.749290549849484933e+02
2.601183112241341746e+02
2.462317570004079812e+02
2.342711707141023396e+02
2.249261058894906853e+02
2.184805729507985177e+02
2.149640590882964091e+02
2.144220679026457503e+02
2.170622285929215138e+02
2.231233212781987731e+02
2.325486439793889417e+02
2.447228953932758202e+02
2.584981267447839741e+02
2.725153088073142840e+02
2.856066076390382023e+02
2.970189521346488277e+02
3.063560232304885744e+02
3.133511600773236410e+02
3.176808545142263256e+02
3.189470591060390348e+02
3.167914199544135272e+02
3.110077301368821736e+02
3.015612265517746096e+02
2.885416040573192618e+02
2.721456344896014912e+02
2.527402731056077698e+02
2.309511276361745047e+02
2.076681017773903193e+02
1.839213507441706668e+02
1.607033296137200580e+02
1.388767508491451963e+02
1.192405394663330611e+02
1.026745431512096474e+02
9.018287840961406232e+01
8.270780691004415530e+01
8.076536754054090750e+01
8.411964351905409387e+01
9.172347858853319735e+01
1.019895858373777742e+02
1.132397663460233019e+02
1.240773968399912093e+02
1.335124783778636868e+02
1.408615681544881113e+02
1.455880107337606262e+02
1.472368202596361186e+02
1.454869299533127958e+02
1.402229409402675628e+02
1.315253522092050389e+02
1.195800814621409103e+02
1.046034721144891080e+02
8.686898089761560016e+01
6.681615987570793891e+01
4.512939768716202593e+01
2.269209712151610248e+01
4.407067284807049679e-01
-2.075323551107912223e+01
-4.006637493044035381e+01
-5.660537765820102862e+01
-6.935126083615246273e+01
-7.731740918745599345e+01
-7.990518090780761895e+01
-7.725291754630603691e+01
-7.033150275370550730e+01
-6.069247332511022108e+01
-5.000744426275795007e+01
-3.966565197328600334e+01
-3.062407898088805425e+01
-2.350363531254460270e+01
-1.876550517923978489e+01
-1.680221503610524891e+01
-1.790864951651756343e+01
-2.222272099015110669e+01
-2.973276374634246011e+01
-4.035146862083821162e+01
-5.396640162305587296e+01
-7.039084554573800290e+01
-8.924212217402437375e+01
-1.098609526367260543e+02
-1.313625981802274509e+02
-1.527936472010034379e+02
-1.732682658745057722e+02
-1.919757921585972440e+02
-2.080800991447894717e+02
-2.206548648583023748e+02
-2.287975883242051225e+02
-2.319252555431910139e+02
-2.300871456448274728e+02
-2.240783226819623053e+02
-2.152525238723408734e+02
-2.051300380548704823e+02
-1.950230147746379998e+02
-1.858645542485739099e+02
-1.782677464229633131e+02
-1.726886235617498642e+02
-1.695353051897721173e+02
-1.691584250150670812e+02
-1.717783723009199264e+02
-1.774469304522509390e+02
-1.860812515586617906e+02
-1.975186267369350333e+02
-2.115146551073769956e+02
-2.276706417868870176e+02
-2.453628328075809577e+02
-2.637642328754452592e+02
-2.819719542678004132e+02
-2.991487781974952895e+02
-3.145617010532990889e+02
-3.274916402065878174e+02
-3.371240027527077245e+02
-3.425821003010345862e+02
-3.431689683931285799e+02
-3.387038469984472613e+02
-3.297277177608559100e+02
-3.174136615063710565e+02
-3.032153026124350959e+02
-2.884645524408985011e+02
-2.741452355640432756e+02
-2.609155218480305507e+02
-2.492642080873465034e+02
-2.396196030459794031e+02
-2.323250148608152017e+02
-2.275466693218476735e+02
-2.252420989765657566e+02
-2.252398095120738049e+02
-2.273527653816041720e+02
-2.314039413031595700e+02
-2.371286893769941742e+02
-2.440484687546920384e+02
-2.514494538262838148e+02
-2.585024890828762523e+02
-2.644205667454996842e+02
-2.685087445634512733e+02
-2.700693706295364223e+02
-2.682851460987428709e+02
-2.622572509169264094e+02
-2.512600675327106785e+02
-2.350815992116955897e+02
-2.142198888609221115e+02
-1.897915397539311755e+02
-1.632073175192069812e+02
-1.358150520181067691e+02
-1.086912366222056505e+02
-8.261829488329040316e+01
-5.815323089372844834e+01
-3.567933161010360266e+01
-1.541625052839281729e+01
2.560893522259068966e+00
1.825321369764030166e+01
3.165175061996972516e+01
4.270731973604868159e+01
5.139246658874906615e+01
5.2
-2.687498900759610265e+01
1.248157009326790678e+01
5.331670678889697257e+01
9.470207145565723295e+01
1.358763112760027809e+02
1.763330282577298078e+02
2.155624738543307330e+02
2.527293612586280460e+02
2.866546945769619583e+02
3.161816207953419848e+02
3.406227985404370884e+02
3.598919948456913858e+02
3.742197973724560143e+02
3.837555996023668285e+02
3.884634941738661382e+02
3.884119424153812474e+02
3.841335919508546795e+02
3.766225123225187303e+02
3.668774909892093774e+02
3.553799189850668654e+02
3.420362921653587591e+02
3.267382371523099778e+02
3.101110478991402601e+02
2.937727785859423761e+02
2.797737343317718910e+02
2.695588888019084948e+02
2.632139104957135487e+02
2.595490308024080832e+02
2.569172494719716724e+02
2.541164582361503506e+02
2.507394892775167818e+02
2.468607683080985282e+02
2.424980010914777040e+02
2.373918693325663298e+02
2.312630481432161957e+02
2.242259223023854702e+02
2.169066262815216817e+02
2.101213537487356007e+02
2.043999073608324579e+02
1.997795728584910080e+02
1.960301800379889414e+02
1.930714624888611866e+02
1.911896414359381424e+02
1.908821371234143669e+02
1.925266958973336955e+02
1.962256406043438801e+02
2.019765218513150842e+02
2.099713658675301531e+02
2.206737010383831148e+02
2.345191459881796163e+02
2.514474467531550488e+02
2.706567602297933490e+02
2.907974081450032600e+02
3.104502068487424822e+02
3.285076374740310143e+02
3.442001987001417547e+02
3.568597222931682609e+02
3.657493626075718680e+02
3.701887439993292332e+02
3.698633096771325768e+02
3.649675572769533574e+02
3.559467364270337271e+02
3.429885210943218112e+02
3.257158759474795602e+02
3.034360051889938177e+02
2.758486504125768874e+02
2.436890726962361384e+02
2.087673511966189324e+02
1.733124309288329812e+02
1.390778865884924755e+02
1.068537895913598419e+02
7.669202815998727374e+01
4.857490509738177309e+01
2.292621914249964732e+01
5.482361297891689134e-01
-1.791251305226084511e+01
-3.247229322193883405e+01
-4.385076047388499632e+01
-5.303686950823889390e+01
-6.077232505633354265e+01
-6.736520684731966924e+01
-7.290056940498158156e+01
-7.754706591091502332e+01
-8.161044351746231484e+01
-8.527848407184522728e+01
-8.833477712634318380e+01
-9.016275297419946355e+01
-9.007882231302035336e+01
-8.770662594873057571e+01
-8.305734529845001646e+01
-7.626357917940937625e+01
-6.725341725894460865e+01
-5.571578641617927019e+01
-4.143031308697017323e+01
-2.467869686090948278e+01
-6.362441679851648324e+00
1.228561708163829103e+01
3.014148666754121209e+01
4.640694110711742582e+01
6.046710513003032617e+01
7.161447927483773412e+01
7.899239900353721566e+01
8.187347639965106794e+01
8.001712804920211397e+01
7.371922820748518745e+01
6.342985472655346513e+01
4.924237073439325485e+01
3.073908329127187855e+01
7.412140882606897740e+00
-2.062687981696446471e+01
-5.223055902508343706e+01
-8.547718227689615844e+01
-1.184543311118230378e+02
-1.499830517087165447e+02
-1.797568170081525238e+02
-2.078567835752199358e+02
-2.341044343284615366e+02
-2.578059018810452017e+02
-2.780721667551492828e+02
-2.944050320292587344e+02
-3.070440239916726455e+02
-3.168129834785738694e+02
-3.246402998522729035e+02
-3.311632875623357108e+02
-3.366833451566031954e+02
-3.413842854859307749e+02
-3.455034551680465142e+02
-3.492456834847706659e+02
-3.525305147506734897e+02
-3.548592999954402103e+02
-3.554899171026479507e+02
-3.538124956796849574e+02
-3.496171105371458907e+02
-3.430327710673790307e+02
-3.342171240051767995e+02
-3.231063036157638635e+02
-3.094761983474798512e+02
-2.932722144763753249e+02
-2.749092556883907150e+02
-2.552668339084462730e+02
-2.353840553635221227e+02
-2.161308731709175390e+02
-1.981371136447950789e+02
-1.819945093743003497e+02
-1.684673306814082423e+02
-1.584318306427662151e+02
-1.525405574735283096e+02
-1.509129565282996168e+02
-1.531795522040679316e+02
-1.588982540893975113e+02
-1.679900389689788085e+02
-1.807673541681425604e+02
-1.974583347624282794e+02
-2.175927412143294077e+02
-2.397907184875752762e+02
-2.621962624279479996e+02
-2.832600349403050473e+02
-3.022674715220933308e+02
-3.192103330570044477e+02
-3.341489138854547605e+02
-3.466336409199028026e+02
-3.556839712143235488e+02
-3.603295267510162603e+02
-3.602423806476356845e+02
-3.559406504991803217e+02
-3.484389952627298612e+02
-3.386851900673206046e+02
-3.272416766769889023e+02
-3.143745667405423774e+02
-3.003134898252832841e+02
-2.853281337341959443e+02
-2.695192350813288726e+02
-2.525659943274518753e+02
-2.337520471893602974e+02
-2.123268391449406636e+02
-1.879178221294659465e+02
-1.606388656926428382e+02
-1.308193624165700442e+02
-9.863575642182553338e+01
-6.401102926051733277e+01
-2.687498900759769782e+01
